"DFE1",0.5,0.24,0.12,0.13,"fix",9.8e-6,"fix",2e-6,0.01,0.38,
"DFE2",0.1,0.7,0.1,0.1,"fix",9.8e-6,"fix",2e-6,0.01,0.38,
"DFE3",0.1,0.1,0.1,0.7,"fix",9.8e-6,"fix",2e-6,0.01,0.38,
"DFE1",0.5,0.24,0.12,0.13,"fix",9.8e-7,"fix",2e-6,0.01,0.38,
"DFE2",0.1,0.7,0.1,0.1,"fix",9.8e-7,"fix",2e-6,0.01,0.38,
"DFE3",0.1,0.1,0.1,0.7,"fix",9.8e-7,"fix",2e-6,0.01,0.38,
"DFE1",0.5,0.24,0.12,0.13,"fix",9.8e-8,"fix",2e-6,0.01,0.38,
"DFE2",0.1,0.7,0.1,0.1,"fix",9.8e-8,"fix",2e-6,0.01,0.38,
"DFE3",0.1,0.1,0.1,0.7,"fix",9.8e-8,"fix",2e-6,0.01,0.38,
"DFE1",0.5,0.24,0.12,0.13,"var",0,"fix",2e-6,0.01,0.38,
"DFE2",0.1,0.7,0.1,0.1,"var",0,"fix",2e-6,0.01,0.38,
"DFE3",0.1,0.1,0.1,0.7,"var",0,"fix",2e-6,0.01,0.38,
"DFE1",0.5,0.24,0.12,0.13,"fix",9.8e-6,"fix",2e-7,0.01,0.38,
"DFE2",0.1,0.7,0.1,0.1,"fix",9.8e-6,"fix",2e-7,0.01,0.38,
"DFE3",0.1,0.1,0.1,0.7,"fix",9.8e-6,"fix",2e-7,0.01,0.38,
"DFE1",0.5,0.24,0.12,0.13,"fix",9.8e-7,"fix",2e-7,0.01,0.38,
"DFE2",0.1,0.7,0.1,0.1,"fix",9.8e-7,"fix",2e-7,0.01,0.38,
"DFE3",0.1,0.1,0.1,0.7,"fix",9.8e-7,"fix",2e-7,0.01,0.38,
"DFE1",0.5,0.24,0.12,0.13,"fix",9.8e-8,"fix",2e-7,0.01,0.38,
"DFE2",0.1,0.7,0.1,0.1,"fix",9.8e-8,"fix",2e-7,0.01,0.38,
"DFE3",0.1,0.1,0.1,0.7,"fix",9.8e-8,"fix",2e-7,0.01,0.38,
"DFE1",0.5,0.24,0.12,0.13,"var",0,"fix",2e-7,0.01,0.38,
"DFE2",0.1,0.7,0.1,0.1,"var",0,"fix",2e-7,0.01,0.38,
"DFE3",0.1,0.1,0.1,0.7,"var",0,"fix",2e-7,0.01,0.38,
"DFE1",0.5,0.24,0.12,0.13,"fix",9.8e-6,"fix",2e-8,0.01,0.38,
"DFE2",0.1,0.7,0.1,0.1,"fix",9.8e-6,"fix",2e-8,0.01,0.38,
"DFE3",0.1,0.1,0.1,0.7,"fix",9.8e-6,"fix",2e-8,0.01,0.38,
"DFE1",0.5,0.24,0.12,0.13,"fix",9.8e-7,"fix",2e-8,0.01,0.38,
"DFE2",0.1,0.7,0.1,0.1,"fix",9.8e-7,"fix",2e-8,0.01,0.38,
"DFE3",0.1,0.1,0.1,0.7,"fix",9.8e-7,"fix",2e-8,0.01,0.38,
"DFE1",0.5,0.24,0.12,0.13,"fix",9.8e-8,"fix",2e-8,0.01,0.38,
"DFE2",0.1,0.7,0.1,0.1,"fix",9.8e-8,"fix",2e-8,0.01,0.38,
"DFE3",0.1,0.1,0.1,0.7,"fix",9.8e-8,"fix",2e-8,0.01,0.38,
"DFE1",0.5,0.24,0.12,0.13,"var",0,"fix",2e-8,0.01,0.38,
"DFE2",0.1,0.7,0.1,0.1,"var",0,"fix",2e-8,0.01,0.38,
"DFE3",0.1,0.1,0.1,0.7,"var",0,"fix",2e-8,0.01,0.38,
"DFE1",0.5,0.24,0.12,0.13,"fix",9.8e-6,"var",0,0.01,0.38,
"DFE2",0.1,0.7,0.1,0.1,"fix",9.8e-6,"var",0,0.01,0.38,
"DFE3",0.1,0.1,0.1,0.7,"fix",9.8e-6,"var",0,0.01,0.38,
"DFE1",0.5,0.24,0.12,0.13,"fix",9.8e-7,"var",0,0.01,0.38,
"DFE2",0.1,0.7,0.1,0.1,"fix",9.8e-7,"var",0,0.01,0.38,
"DFE3",0.1,0.1,0.1,0.7,"fix",9.8e-7,"var",0,0.01,0.38,
"DFE1",0.5,0.24,0.12,0.13,"fix",9.8e-8,"var",0,0.01,0.38,
"DFE2",0.1,0.7,0.1,0.1,"fix",9.8e-8,"var",0,0.01,0.38,
"DFE3",0.1,0.1,0.1,0.7,"fix",9.8e-8,"var",0,0.01,0.38,
"DFE1",0.5,0.24,0.12,0.13,"var",0,"var",0,0.01,0.38,
"DFE2",0.1,0.7,0.1,0.1,"var",0,"var",0,0.01,0.38,
"DFE3",0.1,0.1,0.1,0.7,"var",0,"var",0,0.01,0.38,
"DFE1",0.5,0.24,0.12,0.13,"fix",9.8e-6,"fix",2e-6,0.07,0.38,
"DFE2",0.1,0.7,0.1,0.1,"fix",9.8e-6,"fix",2e-6,0.07,0.38,
"DFE3",0.1,0.1,0.1,0.7,"fix",9.8e-6,"fix",2e-6,0.07,0.38,
"DFE1",0.5,0.24,0.12,0.13,"fix",9.8e-7,"fix",2e-6,0.07,0.38,
"DFE2",0.1,0.7,0.1,0.1,"fix",9.8e-7,"fix",2e-6,0.07,0.38,
"DFE3",0.1,0.1,0.1,0.7,"fix",9.8e-7,"fix",2e-6,0.07,0.38,
"DFE1",0.5,0.24,0.12,0.13,"fix",9.8e-8,"fix",2e-6,0.07,0.38,
"DFE2",0.1,0.7,0.1,0.1,"fix",9.8e-8,"fix",2e-6,0.07,0.38,
"DFE3",0.1,0.1,0.1,0.7,"fix",9.8e-8,"fix",2e-6,0.07,0.38,
"DFE1",0.5,0.24,0.12,0.13,"var",0,"fix",2e-6,0.07,0.38,
"DFE2",0.1,0.7,0.1,0.1,"var",0,"fix",2e-6,0.07,0.38,
"DFE3",0.1,0.1,0.1,0.7,"var",0,"fix",2e-6,0.07,0.38,
"DFE1",0.5,0.24,0.12,0.13,"fix",9.8e-6,"fix",2e-7,0.07,0.38,
"DFE2",0.1,0.7,0.1,0.1,"fix",9.8e-6,"fix",2e-7,0.07,0.38,
"DFE3",0.1,0.1,0.1,0.7,"fix",9.8e-6,"fix",2e-7,0.07,0.38,
"DFE1",0.5,0.24,0.12,0.13,"fix",9.8e-7,"fix",2e-7,0.07,0.38,
"DFE2",0.1,0.7,0.1,0.1,"fix",9.8e-7,"fix",2e-7,0.07,0.38,
"DFE3",0.1,0.1,0.1,0.7,"fix",9.8e-7,"fix",2e-7,0.07,0.38,
"DFE1",0.5,0.24,0.12,0.13,"fix",9.8e-8,"fix",2e-7,0.07,0.38,
"DFE2",0.1,0.7,0.1,0.1,"fix",9.8e-8,"fix",2e-7,0.07,0.38,
"DFE3",0.1,0.1,0.1,0.7,"fix",9.8e-8,"fix",2e-7,0.07,0.38,
"DFE1",0.5,0.24,0.12,0.13,"var",0,"fix",2e-7,0.07,0.38,
"DFE2",0.1,0.7,0.1,0.1,"var",0,"fix",2e-7,0.07,0.38,
"DFE3",0.1,0.1,0.1,0.7,"var",0,"fix",2e-7,0.07,0.38,
"DFE1",0.5,0.24,0.12,0.13,"fix",9.8e-6,"fix",2e-8,0.07,0.38,
"DFE2",0.1,0.7,0.1,0.1,"fix",9.8e-6,"fix",2e-8,0.07,0.38,
"DFE3",0.1,0.1,0.1,0.7,"fix",9.8e-6,"fix",2e-8,0.07,0.38,
"DFE1",0.5,0.24,0.12,0.13,"fix",9.8e-7,"fix",2e-8,0.07,0.38,
"DFE2",0.1,0.7,0.1,0.1,"fix",9.8e-7,"fix",2e-8,0.07,0.38,
"DFE3",0.1,0.1,0.1,0.7,"fix",9.8e-7,"fix",2e-8,0.07,0.38,
"DFE1",0.5,0.24,0.12,0.13,"fix",9.8e-8,"fix",2e-8,0.07,0.38,
"DFE2",0.1,0.7,0.1,0.1,"fix",9.8e-8,"fix",2e-8,0.07,0.38,
"DFE3",0.1,0.1,0.1,0.7,"fix",9.8e-8,"fix",2e-8,0.07,0.38,
"DFE1",0.5,0.24,0.12,0.13,"var",0,"fix",2e-8,0.07,0.38,
"DFE2",0.1,0.7,0.1,0.1,"var",0,"fix",2e-8,0.07,0.38,
"DFE3",0.1,0.1,0.1,0.7,"var",0,"fix",2e-8,0.07,0.38,
"DFE1",0.5,0.24,0.12,0.13,"fix",9.8e-6,"var",0,0.07,0.38,
"DFE2",0.1,0.7,0.1,0.1,"fix",9.8e-6,"var",0,0.07,0.38,
"DFE3",0.1,0.1,0.1,0.7,"fix",9.8e-6,"var",0,0.07,0.38,
"DFE1",0.5,0.24,0.12,0.13,"fix",9.8e-7,"var",0,0.07,0.38,
"DFE2",0.1,0.7,0.1,0.1,"fix",9.8e-7,"var",0,0.07,0.38,
"DFE3",0.1,0.1,0.1,0.7,"fix",9.8e-7,"var",0,0.07,0.38,
"DFE1",0.5,0.24,0.12,0.13,"fix",9.8e-8,"var",0,0.07,0.38,
"DFE2",0.1,0.7,0.1,0.1,"fix",9.8e-8,"var",0,0.07,0.38,
"DFE3",0.1,0.1,0.1,0.7,"fix",9.8e-8,"var",0,0.07,0.38,
"DFE1",0.5,0.24,0.12,0.13,"var",0,"var",0,0.07,0.38,
"DFE2",0.1,0.7,0.1,0.1,"var",0,"var",0,0.07,0.38,
"DFE3",0.1,0.1,0.1,0.7,"var",0,"var",0,0.07,0.38,
"DFE1",0.5,0.24,0.12,0.13,"fix",9.8e-6,"fix",2e-6,0.10,0.38,
"DFE2",0.1,0.7,0.1,0.1,"fix",9.8e-6,"fix",2e-6,0.10,0.38,
"DFE3",0.1,0.1,0.1,0.7,"fix",9.8e-6,"fix",2e-6,0.10,0.38,
"DFE1",0.5,0.24,0.12,0.13,"fix",9.8e-7,"fix",2e-6,0.10,0.38,
"DFE2",0.1,0.7,0.1,0.1,"fix",9.8e-7,"fix",2e-6,0.10,0.38,
"DFE3",0.1,0.1,0.1,0.7,"fix",9.8e-7,"fix",2e-6,0.10,0.38,
"DFE1",0.5,0.24,0.12,0.13,"fix",9.8e-8,"fix",2e-6,0.10,0.38,
"DFE2",0.1,0.7,0.1,0.1,"fix",9.8e-8,"fix",2e-6,0.10,0.38,
"DFE3",0.1,0.1,0.1,0.7,"fix",9.8e-8,"fix",2e-6,0.10,0.38,
"DFE1",0.5,0.24,0.12,0.13,"var",0,"fix",2e-6,0.10,0.38,
"DFE2",0.1,0.7,0.1,0.1,"var",0,"fix",2e-6,0.10,0.38,
"DFE3",0.1,0.1,0.1,0.7,"var",0,"fix",2e-6,0.10,0.38,
"DFE1",0.5,0.24,0.12,0.13,"fix",9.8e-6,"fix",2e-7,0.10,0.38,
"DFE2",0.1,0.7,0.1,0.1,"fix",9.8e-6,"fix",2e-7,0.10,0.38,
"DFE3",0.1,0.1,0.1,0.7,"fix",9.8e-6,"fix",2e-7,0.10,0.38,
"DFE1",0.5,0.24,0.12,0.13,"fix",9.8e-7,"fix",2e-7,0.10,0.38,
"DFE2",0.1,0.7,0.1,0.1,"fix",9.8e-7,"fix",2e-7,0.10,0.38,
"DFE3",0.1,0.1,0.1,0.7,"fix",9.8e-7,"fix",2e-7,0.10,0.38,
"DFE1",0.5,0.24,0.12,0.13,"fix",9.8e-8,"fix",2e-7,0.10,0.38,
"DFE2",0.1,0.7,0.1,0.1,"fix",9.8e-8,"fix",2e-7,0.10,0.38,
"DFE3",0.1,0.1,0.1,0.7,"fix",9.8e-8,"fix",2e-7,0.10,0.38,
"DFE1",0.5,0.24,0.12,0.13,"var",0,"fix",2e-7,0.10,0.38,
"DFE2",0.1,0.7,0.1,0.1,"var",0,"fix",2e-7,0.10,0.38,
"DFE3",0.1,0.1,0.1,0.7,"var",0,"fix",2e-7,0.10,0.38,
"DFE1",0.5,0.24,0.12,0.13,"fix",9.8e-6,"fix",2e-8,0.10,0.38,
"DFE2",0.1,0.7,0.1,0.1,"fix",9.8e-6,"fix",2e-8,0.10,0.38,
"DFE3",0.1,0.1,0.1,0.7,"fix",9.8e-6,"fix",2e-8,0.10,0.38,
"DFE1",0.5,0.24,0.12,0.13,"fix",9.8e-7,"fix",2e-8,0.10,0.38,
"DFE2",0.1,0.7,0.1,0.1,"fix",9.8e-7,"fix",2e-8,0.10,0.38,
"DFE3",0.1,0.1,0.1,0.7,"fix",9.8e-7,"fix",2e-8,0.10,0.38,
"DFE1",0.5,0.24,0.12,0.13,"fix",9.8e-8,"fix",2e-8,0.10,0.38,
"DFE2",0.1,0.7,0.1,0.1,"fix",9.8e-8,"fix",2e-8,0.10,0.38,
"DFE3",0.1,0.1,0.1,0.7,"fix",9.8e-8,"fix",2e-8,0.10,0.38,
"DFE1",0.5,0.24,0.12,0.13,"var",0,"fix",2e-8,0.10,0.38,
"DFE2",0.1,0.7,0.1,0.1,"var",0,"fix",2e-8,0.10,0.38,
"DFE3",0.1,0.1,0.1,0.7,"var",0,"fix",2e-8,0.10,0.38,
"DFE1",0.5,0.24,0.12,0.13,"fix",9.8e-6,"var",0,0.10,0.38,
"DFE2",0.1,0.7,0.1,0.1,"fix",9.8e-6,"var",0,0.10,0.38,
"DFE3",0.1,0.1,0.1,0.7,"fix",9.8e-6,"var",0,0.10,0.38,
"DFE1",0.5,0.24,0.12,0.13,"fix",9.8e-7,"var",0,0.10,0.38,
"DFE2",0.1,0.7,0.1,0.1,"fix",9.8e-7,"var",0,0.10,0.38,
"DFE3",0.1,0.1,0.1,0.7,"fix",9.8e-7,"var",0,0.10,0.38,
"DFE1",0.5,0.24,0.12,0.13,"fix",9.8e-8,"var",0,0.10,0.38,
"DFE2",0.1,0.7,0.1,0.1,"fix",9.8e-8,"var",0,0.10,0.38,
"DFE3",0.1,0.1,0.1,0.7,"fix",9.8e-8,"var",0,0.10,0.38,
"DFE1",0.5,0.24,0.12,0.13,"var",0,"var",0,0.10,0.38,
"DFE2",0.1,0.7,0.1,0.1,"var",0,"var",0,0.10,0.38,
"DFE3",0.1,0.1,0.1,0.7,"var",0,"var",0,0.10,0.38,
"DFE1",0.5,0.24,0.12,0.13,"fix",9.8e-6,"fix",2e-6,0.01,1.00
"DFE2",0.1,0.7,0.1,0.1,"fix",9.8e-6,"fix",2e-6,0.01,1.00
"DFE3",0.1,0.1,0.1,0.7,"fix",9.8e-6,"fix",2e-6,0.01,1.00
"DFE1",0.5,0.24,0.12,0.13,"fix",9.8e-7,"fix",2e-6,0.01,1.00
"DFE2",0.1,0.7,0.1,0.1,"fix",9.8e-7,"fix",2e-6,0.01,1.00
"DFE3",0.1,0.1,0.1,0.7,"fix",9.8e-7,"fix",2e-6,0.01,1.00
"DFE1",0.5,0.24,0.12,0.13,"fix",9.8e-8,"fix",2e-6,0.01,1.00
"DFE2",0.1,0.7,0.1,0.1,"fix",9.8e-8,"fix",2e-6,0.01,1.00
"DFE3",0.1,0.1,0.1,0.7,"fix",9.8e-8,"fix",2e-6,0.01,1.00
"DFE1",0.5,0.24,0.12,0.13,"var",0,"fix",2e-6,0.01,1.00
"DFE2",0.1,0.7,0.1,0.1,"var",0,"fix",2e-6,0.01,1.00
"DFE3",0.1,0.1,0.1,0.7,"var",0,"fix",2e-6,0.01,1.00
"DFE1",0.5,0.24,0.12,0.13,"fix",9.8e-6,"fix",2e-7,0.01,1.00
"DFE2",0.1,0.7,0.1,0.1,"fix",9.8e-6,"fix",2e-7,0.01,1.00
"DFE3",0.1,0.1,0.1,0.7,"fix",9.8e-6,"fix",2e-7,0.01,1.00
"DFE1",0.5,0.24,0.12,0.13,"fix",9.8e-7,"fix",2e-7,0.01,1.00
"DFE2",0.1,0.7,0.1,0.1,"fix",9.8e-7,"fix",2e-7,0.01,1.00
"DFE3",0.1,0.1,0.1,0.7,"fix",9.8e-7,"fix",2e-7,0.01,1.00
"DFE1",0.5,0.24,0.12,0.13,"fix",9.8e-8,"fix",2e-7,0.01,1.00
"DFE2",0.1,0.7,0.1,0.1,"fix",9.8e-8,"fix",2e-7,0.01,1.00
"DFE3",0.1,0.1,0.1,0.7,"fix",9.8e-8,"fix",2e-7,0.01,1.00
"DFE1",0.5,0.24,0.12,0.13,"var",0,"fix",2e-7,0.01,1.00
"DFE2",0.1,0.7,0.1,0.1,"var",0,"fix",2e-7,0.01,1.00
"DFE3",0.1,0.1,0.1,0.7,"var",0,"fix",2e-7,0.01,1.00
"DFE1",0.5,0.24,0.12,0.13,"fix",9.8e-6,"fix",2e-8,0.01,1.00
"DFE2",0.1,0.7,0.1,0.1,"fix",9.8e-6,"fix",2e-8,0.01,1.00
"DFE3",0.1,0.1,0.1,0.7,"fix",9.8e-6,"fix",2e-8,0.01,1.00
"DFE1",0.5,0.24,0.12,0.13,"fix",9.8e-7,"fix",2e-8,0.01,1.00
"DFE2",0.1,0.7,0.1,0.1,"fix",9.8e-7,"fix",2e-8,0.01,1.00
"DFE3",0.1,0.1,0.1,0.7,"fix",9.8e-7,"fix",2e-8,0.01,1.00
"DFE1",0.5,0.24,0.12,0.13,"fix",9.8e-8,"fix",2e-8,0.01,1.00
"DFE2",0.1,0.7,0.1,0.1,"fix",9.8e-8,"fix",2e-8,0.01,1.00
"DFE3",0.1,0.1,0.1,0.7,"fix",9.8e-8,"fix",2e-8,0.01,1.00
"DFE1",0.5,0.24,0.12,0.13,"var",0,"fix",2e-8,0.01,1.00
"DFE2",0.1,0.7,0.1,0.1,"var",0,"fix",2e-8,0.01,1.00
"DFE3",0.1,0.1,0.1,0.7,"var",0,"fix",2e-8,0.01,1.00
"DFE1",0.5,0.24,0.12,0.13,"fix",9.8e-6,"var",0,0.01,1.00
"DFE2",0.1,0.7,0.1,0.1,"fix",9.8e-6,"var",0,0.01,1.00
"DFE3",0.1,0.1,0.1,0.7,"fix",9.8e-6,"var",0,0.01,1.00
"DFE1",0.5,0.24,0.12,0.13,"fix",9.8e-7,"var",0,0.01,1.00
"DFE2",0.1,0.7,0.1,0.1,"fix",9.8e-7,"var",0,0.01,1.00
"DFE3",0.1,0.1,0.1,0.7,"fix",9.8e-7,"var",0,0.01,1.00
"DFE1",0.5,0.24,0.12,0.13,"fix",9.8e-8,"var",0,0.01,1.00
"DFE2",0.1,0.7,0.1,0.1,"fix",9.8e-8,"var",0,0.01,1.00
"DFE3",0.1,0.1,0.1,0.7,"fix",9.8e-8,"var",0,0.01,1.00
"DFE1",0.5,0.24,0.12,0.13,"var",0,"var",0,0.01,1.00
"DFE2",0.1,0.7,0.1,0.1,"var",0,"var",0,0.01,1.00
"DFE3",0.1,0.1,0.1,0.7,"var",0,"var",0,0.01,1.00
"DFE1",0.5,0.24,0.12,0.13,"fix",9.8e-6,"fix",2e-6,0.07,1.00
"DFE2",0.1,0.7,0.1,0.1,"fix",9.8e-6,"fix",2e-6,0.07,1.00
"DFE3",0.1,0.1,0.1,0.7,"fix",9.8e-6,"fix",2e-6,0.07,1.00
"DFE1",0.5,0.24,0.12,0.13,"fix",9.8e-7,"fix",2e-6,0.07,1.00
"DFE2",0.1,0.7,0.1,0.1,"fix",9.8e-7,"fix",2e-6,0.07,1.00
"DFE3",0.1,0.1,0.1,0.7,"fix",9.8e-7,"fix",2e-6,0.07,1.00
"DFE1",0.5,0.24,0.12,0.13,"fix",9.8e-8,"fix",2e-6,0.07,1.00
"DFE2",0.1,0.7,0.1,0.1,"fix",9.8e-8,"fix",2e-6,0.07,1.00
"DFE3",0.1,0.1,0.1,0.7,"fix",9.8e-8,"fix",2e-6,0.07,1.00
"DFE1",0.5,0.24,0.12,0.13,"var",0,"fix",2e-6,0.07,1.00
"DFE2",0.1,0.7,0.1,0.1,"var",0,"fix",2e-6,0.07,1.00
"DFE3",0.1,0.1,0.1,0.7,"var",0,"fix",2e-6,0.07,1.00
"DFE1",0.5,0.24,0.12,0.13,"fix",9.8e-6,"fix",2e-7,0.07,1.00
"DFE2",0.1,0.7,0.1,0.1,"fix",9.8e-6,"fix",2e-7,0.07,1.00
"DFE3",0.1,0.1,0.1,0.7,"fix",9.8e-6,"fix",2e-7,0.07,1.00
"DFE1",0.5,0.24,0.12,0.13,"fix",9.8e-7,"fix",2e-7,0.07,1.00
"DFE2",0.1,0.7,0.1,0.1,"fix",9.8e-7,"fix",2e-7,0.07,1.00
"DFE3",0.1,0.1,0.1,0.7,"fix",9.8e-7,"fix",2e-7,0.07,1.00
"DFE1",0.5,0.24,0.12,0.13,"fix",9.8e-8,"fix",2e-7,0.07,1.00
"DFE2",0.1,0.7,0.1,0.1,"fix",9.8e-8,"fix",2e-7,0.07,1.00
"DFE3",0.1,0.1,0.1,0.7,"fix",9.8e-8,"fix",2e-7,0.07,1.00
"DFE1",0.5,0.24,0.12,0.13,"var",0,"fix",2e-7,0.07,1.00
"DFE2",0.1,0.7,0.1,0.1,"var",0,"fix",2e-7,0.07,1.00
"DFE3",0.1,0.1,0.1,0.7,"var",0,"fix",2e-7,0.07,1.00
"DFE1",0.5,0.24,0.12,0.13,"fix",9.8e-6,"fix",2e-8,0.07,1.00
"DFE2",0.1,0.7,0.1,0.1,"fix",9.8e-6,"fix",2e-8,0.07,1.00
"DFE3",0.1,0.1,0.1,0.7,"fix",9.8e-6,"fix",2e-8,0.07,1.00
"DFE1",0.5,0.24,0.12,0.13,"fix",9.8e-7,"fix",2e-8,0.07,1.00
"DFE2",0.1,0.7,0.1,0.1,"fix",9.8e-7,"fix",2e-8,0.07,1.00
"DFE3",0.1,0.1,0.1,0.7,"fix",9.8e-7,"fix",2e-8,0.07,1.00
"DFE1",0.5,0.24,0.12,0.13,"fix",9.8e-8,"fix",2e-8,0.07,1.00
"DFE2",0.1,0.7,0.1,0.1,"fix",9.8e-8,"fix",2e-8,0.07,1.00
"DFE3",0.1,0.1,0.1,0.7,"fix",9.8e-8,"fix",2e-8,0.07,1.00
"DFE1",0.5,0.24,0.12,0.13,"var",0,"fix",2e-8,0.07,1.00
"DFE2",0.1,0.7,0.1,0.1,"var",0,"fix",2e-8,0.07,1.00
"DFE3",0.1,0.1,0.1,0.7,"var",0,"fix",2e-8,0.07,1.00
"DFE1",0.5,0.24,0.12,0.13,"fix",9.8e-6,"var",0,0.07,1.00
"DFE2",0.1,0.7,0.1,0.1,"fix",9.8e-6,"var",0,0.07,1.00
"DFE3",0.1,0.1,0.1,0.7,"fix",9.8e-6,"var",0,0.07,1.00
"DFE1",0.5,0.24,0.12,0.13,"fix",9.8e-7,"var",0,0.07,1.00
"DFE2",0.1,0.7,0.1,0.1,"fix",9.8e-7,"var",0,0.07,1.00
"DFE3",0.1,0.1,0.1,0.7,"fix",9.8e-7,"var",0,0.07,1.00
"DFE1",0.5,0.24,0.12,0.13,"fix",9.8e-8,"var",0,0.07,1.00
"DFE2",0.1,0.7,0.1,0.1,"fix",9.8e-8,"var",0,0.07,1.00
"DFE3",0.1,0.1,0.1,0.7,"fix",9.8e-8,"var",0,0.07,1.00
"DFE1",0.5,0.24,0.12,0.13,"var",0,"var",0,0.07,1.00
"DFE2",0.1,0.7,0.1,0.1,"var",0,"var",0,0.07,1.00
"DFE3",0.1,0.1,0.1,0.7,"var",0,"var",0,0.07,1.00
"DFE1",0.5,0.24,0.12,0.13,"fix",9.8e-6,"fix",2e-6,0.10,1.00
"DFE2",0.1,0.7,0.1,0.1,"fix",9.8e-6,"fix",2e-6,0.10,1.00
"DFE3",0.1,0.1,0.1,0.7,"fix",9.8e-6,"fix",2e-6,0.10,1.00
"DFE1",0.5,0.24,0.12,0.13,"fix",9.8e-7,"fix",2e-6,0.10,1.00
"DFE2",0.1,0.7,0.1,0.1,"fix",9.8e-7,"fix",2e-6,0.10,1.00
"DFE3",0.1,0.1,0.1,0.7,"fix",9.8e-7,"fix",2e-6,0.10,1.00
"DFE1",0.5,0.24,0.12,0.13,"fix",9.8e-8,"fix",2e-6,0.10,1.00
"DFE2",0.1,0.7,0.1,0.1,"fix",9.8e-8,"fix",2e-6,0.10,1.00
"DFE3",0.1,0.1,0.1,0.7,"fix",9.8e-8,"fix",2e-6,0.10,1.00
"DFE1",0.5,0.24,0.12,0.13,"var",0,"fix",2e-6,0.10,1.00
"DFE2",0.1,0.7,0.1,0.1,"var",0,"fix",2e-6,0.10,1.00
"DFE3",0.1,0.1,0.1,0.7,"var",0,"fix",2e-6,0.10,1.00
"DFE1",0.5,0.24,0.12,0.13,"fix",9.8e-6,"fix",2e-7,0.10,1.00
"DFE2",0.1,0.7,0.1,0.1,"fix",9.8e-6,"fix",2e-7,0.10,1.00
"DFE3",0.1,0.1,0.1,0.7,"fix",9.8e-6,"fix",2e-7,0.10,1.00
"DFE1",0.5,0.24,0.12,0.13,"fix",9.8e-7,"fix",2e-7,0.10,1.00
"DFE2",0.1,0.7,0.1,0.1,"fix",9.8e-7,"fix",2e-7,0.10,1.00
"DFE3",0.1,0.1,0.1,0.7,"fix",9.8e-7,"fix",2e-7,0.10,1.00
"DFE1",0.5,0.24,0.12,0.13,"fix",9.8e-8,"fix",2e-7,0.10,1.00
"DFE2",0.1,0.7,0.1,0.1,"fix",9.8e-8,"fix",2e-7,0.10,1.00
"DFE3",0.1,0.1,0.1,0.7,"fix",9.8e-8,"fix",2e-7,0.10,1.00
"DFE1",0.5,0.24,0.12,0.13,"var",0,"fix",2e-7,0.10,1.00
"DFE2",0.1,0.7,0.1,0.1,"var",0,"fix",2e-7,0.10,1.00
"DFE3",0.1,0.1,0.1,0.7,"var",0,"fix",2e-7,0.10,1.00
"DFE1",0.5,0.24,0.12,0.13,"fix",9.8e-6,"fix",2e-8,0.10,1.00
"DFE2",0.1,0.7,0.1,0.1,"fix",9.8e-6,"fix",2e-8,0.10,1.00
"DFE3",0.1,0.1,0.1,0.7,"fix",9.8e-6,"fix",2e-8,0.10,1.00
"DFE1",0.5,0.24,0.12,0.13,"fix",9.8e-7,"fix",2e-8,0.10,1.00
"DFE2",0.1,0.7,0.1,0.1,"fix",9.8e-7,"fix",2e-8,0.10,1.00
"DFE3",0.1,0.1,0.1,0.7,"fix",9.8e-7,"fix",2e-8,0.10,1.00
"DFE1",0.5,0.24,0.12,0.13,"fix",9.8e-8,"fix",2e-8,0.10,1.00
"DFE2",0.1,0.7,0.1,0.1,"fix",9.8e-8,"fix",2e-8,0.10,1.00
"DFE3",0.1,0.1,0.1,0.7,"fix",9.8e-8,"fix",2e-8,0.10,1.00
"DFE1",0.5,0.24,0.12,0.13,"var",0,"fix",2e-8,0.10,1.00
"DFE2",0.1,0.7,0.1,0.1,"var",0,"fix",2e-8,0.10,1.00
"DFE3",0.1,0.1,0.1,0.7,"var",0,"fix",2e-8,0.10,1.00
"DFE1",0.5,0.24,0.12,0.13,"fix",9.8e-6,"var",0,0.10,1.00
"DFE2",0.1,0.7,0.1,0.1,"fix",9.8e-6,"var",0,0.10,1.00
"DFE3",0.1,0.1,0.1,0.7,"fix",9.8e-6,"var",0,0.10,1.00
"DFE1",0.5,0.24,0.12,0.13,"fix",9.8e-7,"var",0,0.10,1.00
"DFE2",0.1,0.7,0.1,0.1,"fix",9.8e-7,"var",0,0.10,1.00
"DFE3",0.1,0.1,0.1,0.7,"fix",9.8e-7,"var",0,0.10,1.00
"DFE1",0.5,0.24,0.12,0.13,"fix",9.8e-8,"var",0,0.10,1.00
"DFE2",0.1,0.7,0.1,0.1,"fix",9.8e-8,"var",0,0.10,1.00
"DFE3",0.1,0.1,0.1,0.7,"fix",9.8e-8,"var",0,0.10,1.00
"DFE1",0.5,0.24,0.12,0.13,"var",0,"var",0,0.10,1.00
"DFE2",0.1,0.7,0.1,0.1,"var",0,"var",0,0.10,1.00
"DFE3",0.1,0.1,0.1,0.7,"var",0,"var",0,0.10,1.00
